34354861521640838677460268255709038110782568959210
46829517873516023584576608637143291239475696733588
22014569289920807710246403320533357419631701911642
49176864556598564074023126056522889301342888244031
56071798022977082835910812502055557965080922930210
76853269605008084150921148644008764263306004594241
79592771972523188060334966542953215896732792536078
99074666864185807083210978669380203331576715768479
08159416254365262423692097386932282140937540012053
73358769869768355044056067406529390829588147314257
80098095016286621494304622145933281841723378366597
17746697872079449710343204154613860992839812130969
56426753888501541537522938675532226309698914547045
34206756420326077273839527998046812893398951221003
68292160275413146710409176712857649129624292896478
69966169034891743280870007147801890776146854651300
83955144452508279031015735679429712546678526415278
93096409057154065094821999461137089890883269552811
87771492710921584486277838768815579890890110249517
47996546821282661314841824641657616776034457173283
08021241510325560849620444378703428289717525937911
88489203751835471707616712562531441174998806089917
75180962516710511467234631531298042427374168018067
88097922459522523861264316804838823410728829310050
60714302089153854976116684059788366234700778453708
79305318012473542107112456915492166761954078551476
32071437612526985486284337581910838080188304403635
15139962231213726457441761648754391705391710580626
78234098423383816220422856693911510378309740785560
14328545156830383553528639305411146946395338982758
32378657668387251410122935604740227658380041340148
50618392808478152093249890643865462065289450136606
69044932783066646456365365882661214297022440493023
68998758191893996067969334083999767715769504005822
46569813971007292455396815934390545501151977447743
60962153249974448806554932688702415682901613749676
45299591269528490312936819938258897583727837452756
77030633871947325541777289060147329147513987297557
12938746657009600247371859188975441270299524554428
97297305957381243254628407174135960257085982094812
37903030181436034228459991217555967570161412855489
21070363515034308797015980736423336901110787921733
59772829371584161313692028606527831025172379607210
85216286864159452952952014562557618788036074240598
02080794852292682484268842380038244941269422302550
70397920674094721629536827995399370283753874041553
86751601558664392479147019269223044729212506033041
64154761532787514712813490616773687358169637519584
13089049083673199515242861653955562842594907965309
53665042674242647389284600904704679409982009097089
15925846711295931021611612963745669203033657335408
15541584089461333851127210711099957869777727890258
51082566741476428077271838861986488351935760470928
37274924352167339146973344343029087363735989014389
16977816193294851456321931240775005163274374777821
01488629816314525370668055350999631696313398561287
84061637709678403810507547054385261437595492584197
16167377542200153780850898898337034729847441055543
74159571595389232609880856420579884345783972292927
17213037036122533827473512144341649530939263410123
17174511191622673586553740181271859389832670790035
62963864312680860994306442083438709907789277282680
95726185680883587704563645822681383426734932773247
49631884994982854851477608606193683436953848727178
25368022959240484435800879916339678956318389654177
13635259203171752856489912032897810658804806935859
04313930630110733786442765895706261749999501710756
08405158350817973718408008877960263618458302455148
14149228132700388416027083387057001393788636470866
48878333644394044329676238986083973506042889893303
97233342751491575655341327325151655999225519224102
81031760867909115339503588796395725468516498784050
29347221444306369899938025250029584956471558339754
71899864976839392310361759278864015542834731424635
43018846953408216386986545859156466471693482955455
25112521603638273678025198376891800847802769371002
96919049682581781732593738687930647574026824212229
74423847528455149334631223696674234995360254029506
94378720173489780909365622094923447576428963025901
90680519329102607292880920025389318125366253378503
58310504600911239758088542442937263273980541048664
74118190308300961279301778946944078203378592709982
45085510694409667560658437607565486183596798670334
46878991242298868193583544716044016124962082437002
89010034195304675330934812392770601223474551775765
70117793103468836770401821536441619965640784987766
35669494830398976136910649076022105537082419141107
16229826616611501312369357330790659721449142304943
57771227826588718812351372243381434834999302780926
36103011628871318241669633177215737508050607013765
64408890692015350193689846243604943700100731149415
30107573701623141741345359696362852164345856932640
05154719674357051924739320556386612015404371660532
59453424425430052731826566583063583345236025613618
24731256570766534473118579969116702222168995541953
91379865442791152169076210515757335112717693016712
36844808831108986289427531711671397847995366324245
45322165389344221799698038140923376858493583316335
86855591364477006469229315947822634770071372352183
37346471558517001566876240551131265526322535607996
71982362245087951065248165535445749043755371979029
40462081952498117262734166992620304514195264771638
64171643478056914524121704011404132324393693908523
31671590086935601819921989011711383980335482373963
11876823239262737751901213087634507905416882794664
32866167156487712820490642260176929216502152768737
24451111726297437022375985819976712403830216672656
93059211175480876253712507260363738922822884839645
50599788496102641347730955669306443148555026306898
06151533341294015229803428239979195732145247538638
10708086515433239733502800787632331899834358460320
95827108015677961112937939579421695643177803633798
10734512446846504694505017915794563537536547490098
04164863343026928557770757123682695432778872998347
43012076373818680414634076913161681634620311501393
09551653812864925195444197752519714222596637531590
42611002186913820768575220510162096508954301080230
67290860132894553322321956903567886830666561614710
87810492937841610803995010378472938816469735178812
34224373933412048704841417977131709764186980177237
92196328189153141032799274424364629490118844626664
72568884072618326029583369023620548507974761474621
02027155865719148654110289789892449181412416503466
57169783833486803931180631081798410142037346660657
85304474537788210549472094413527185760889117171483
33237029352068412170652881620899423349038665164768
19309951012245335904903297530420249947204184531925
04865273066305104022369824879344885842997615212136
35879328272743564814483469643618632323003239908803
10779391970742162311241618229966158992239648273527
79584009967577140001262318053113590091222713324479
13140515641812678001701494843660706210937390137270
49332983174413578366560999523057784919985892283468
44946526798383047708806866543602796146672282006087
75215135779937482916354041169702966914684089037156
33630507634965348368797787888317357873682293060128
75499189620959696213653814805474028381887463810823
00506334199395319132461946513799066662016404657458
93764843462134272904483100243000660407650834950022
42437923262034316656348247797599487638042833414094
87912238079231093904676682239541024282665833310339
23424443522738150785731295854070953335059452887472
12241314808294792277569784163424416522935044649422
88082077953954972455121778806798562841205847827844
28472958626125306118907556079755375823674576957777
37110459524819809506322142861733877663150185544925
58420065219213802842530943601225645452707784730106
09648558588763506440607307661590584580448550841435
90001326207352524742096318388749958437779046705135
86316581085662533760273756443461069395116647425397
04918966585913285803387428437959506318294944387342
25663956786871788398132273937558313819322769033603
44445979576203135887722239871991294000577187845701
90608616814226280750641573932063770710320743980364
09472821611836114350346459571052314341936878779980
36406457781712208691845397770880531570976576204836
61317092023753387838269341457023430709795775127723
59875261379530973936479934720633209924264016909458
10651693449392041557274585015539076885310288318171
89034006914666801319502855297848106194866105261795
00744719588147440988450246091027716025727901259194
46466629035779836390066489757001630138229455493318
82899815141799895993969711682032376893472934910528
93333013129200310444576986257274162229291270104250
37332270945562318732470789972040093305667837496041
27673102574085887926260431708291282033188967963277
21147067667685022418648025250982995480583527967849
87524569351726857242128537377898809709140232500109
87396711444953323822970831162426345497264196508788
38500668894448459547250990112574778146618425284057
13918053842102227623072654543938803684736320718799
52543817727555353321973619764186477983992097387070
59392034361443600599527682785767865768760324991255
48835316186313924195901531897706001642128452667847
20253833271517134335527229768361331446407161558117
24648393847658224870870908616477310022531422047301
90263266390355344725073118982668908553218827755033
33161056737451124317316303983310501555506207848943
16591865290027204578241008895013769466627169565104
17802771291269284404084678893440300464463185801355
75788435050187114627514578018009295014437325641501
42324625076456992401231665389548971753267131230050
01776755816093312146315354856055784704854585042277
83246108956819208963606893703888219235250187404719
00616827126671833741544314901761572232087228169722
29634136150618850967255190063935785546368834340560
20305531865422530247222421325405952132557129755880
59052287101256515125666732469582269975129242589040
79124323241597303043847441538400219086948875557489
53880797243268015380496661615597915383917382946750
77581108789899676035987119982377268326974703663118
24772502031335264420808562459263895418251080422505
10824609727904714982194484316953080948183545142975
25966544488565764826347370256832981196054128725731
54347032546855349050368286577271695555542679575631
03937386189614625970475365476747715596660615310747
44376590422550422740209255337730917903510091484441
94392487846537797774373770277995194281890492450291
08361771815143006631443167540933148049151158633627
68280240723900102097680058699474440628059682004364
73811559830413953563679126747139752468423329535579
06758688441614378276357524674124358477155665721179
05733720441761679001251303021223544666227202504641
87223738687828681812465026932412039165099388560461
72459763228788894487944555604702782524604449640737
98601617702046341078276332267866456483785470176403
44478429858342883189979010964327548556960010790155
60298440636347931735828016639639825448654132375706
55089575996432599875295056954695720884626032090559
41485420220857185091163810615002590061371740596657
11291619996624851332795991268623825143703696692492
01661705337779861324520528168375066051458005876357
10250289250251326206664749854422566118314734133142
79039654505734828493650774630193174117469365988841
36999535194955871507971291889281072422054868355314
45376541671632998753250171644474979688210417708985
27158397632498327782359759772952619606771327451747
51172317448741712902871619066518613648609592216320
76792439634590047055761277485870003110510455567469
46749256223879993763506016371282146191294499552869
84968843130208605103235471070355400029261490219801
74587907098913881425221227998429391674419618123450
00000809658894018349307473550454022321456527516699
48682739579973134414194334247292320957222721606878
87892137712154123065630880792709870322168989792044
26710428935581638352865810256991449113637148505287
04250472763369127687272342136710032421946473242565
96426524860588089695603494150238065842364826274103
47353016339400667640718502898062015759032703995923
90136665637786384366029077198334440960053916195372
48499217436193206280139305830346082500836058239169
37376492608849999268840541908766434158427014840566
77285236584871375769550121459909996482460539211405
85020142552657478200634527376680229288359193032368
75959184789484686270909088296324673059364769682825
97257118836066970824868307957307407509392410702892
27406461044788673322228326726006431819291781913508
91824704755215890060815840748261269311861502911635
60571815955585344632869778855442471397557401391562
32253890920031732975786881631989050161114357250098
64604279963944055914931214132613775714975614938032
19929974181550234505305627921593148853324329897945
08713720681252143073942095136163376977954434047415
84655287981835484062072349364101678141077783748658
26467686837149004397273603496399514072627187335575
39394129786906350759329295686195883630164972554267
82354231328302262461318123108495166449186048069965
35741210078548896644215606474836589732639105906626
69913407105594078879087267407395228491348130569247
46647221168440569668682965010630510613173669956788
34893764831079341714086282494551762130135896038348
66050093960720374016894933466381999596235611605330
75498672501776264736326266229768410586153506036113
54682569778361668367392486382679149840258224119600
67981673668031694001127139259573209080472537974780
05046555773384142152296614557434715502995646770992
02868968514783532714219942750902213399137973949714
82466569567034976552963963091016843803866211274263
74410727971563573899197712740706053767151839942279
50136845735971425063202080798156179927232563443683
12224766538686645359959709348970912657969063287119
81109502897155326911710331481226219195112564121275
42700152305944569196327582642776640361152296825529
54062764114119751974807663983814917520081761449228
98131909183982866577021022196640268436774794174963
30278320384290860325403254777007600459865819817355
31922231573157556457704939301827200399385930809798
05562632449979503267895189658366177674404818522409
07451763804666546023719838786777254889721470646527
49917735737737825667657034283455343170792220303179
06267452041708037222300754413383161354595220169010
65046637052793050233615797484317867711036735630688
18891062883818999955996951789024870015717788324096
75966351902973300528979670403624979604662419048844
11299287648724451590736624637754350567946731225451
25496081452096806915079545167307041510873545504984
54977815986609750706078739961892403158355181893561
96728197828164517530015455579967878290991330023658
55453937871905306817958665568474032767582670803397
58771391686453680723504657137110653343943123829719
71392917423649692573908627530045558092094771656055
88665292302627628305553733719709463308004524188273
34531586918045848861102309705251140248392992769492
29317782726999700171603905957143946372552707445400
32095122287338980485052973591556131756609196960362
44536788747142682667053348615454635990264866873301
27689507318708479694535703973728961217141019717420
69340399852817597330875061369798154719345436815353
93130002897797046249319256527086903932859360522525
68148442117803281234032290095087635812276285502130
85748114930794638182570855130796565284883235052633
73281460588837337795491917091278632784825360519649
56454826644710799096375475134379878898836245597348
15901086613153604608068216772612111061935000083744
60173973477042576502209065804656232075187987604676
87778158775174834227818974422844002512777036599667
84148006217463297821182189539809414426425780596149
00447637725286382970516215460787314694570729649537
03291891244204606001645255876812418603012068135633
69445521470511929232078476041474841878891278682694
